197,7
197,6
197,5
197,4
197,3
197,2
197,1
197,0
175,5
175,4
175,3
175,2
175,1
175,0
171,3
171,2
171,1
171,0
168,5
168,4
168,3
168,2
168,1
168,0
156,4
156,3
156,2
156,1
156,0
152,4
152,3
152,2
152,1
152,0
149,4
149,3
149,2
149,1
149,0
145,4
145,3
145,2
145,1
145,0
144,3
144,2
144,1
144,0
143,3
143,2
143,1
143,0
141,3
141,2
141,1
141,0
139,3
139,2
139,1
139,0
138,3
138,2
138,1
138,0
137,3
137,2
137,1
137,0
136,3
136,2
136,1
136,0
135,3
135,2
135,1
135,0
134,3
134,2
134,1
134,0
133,3
133,2
133,1
133,0
132,3
132,2
132,1
132,0
131,3
131,2
131,1
131,0
130,3
130,2
130,1
130,0
129,3
129,2
129,1
129,0
128,3
128,2
128,1
128,0
127,3
127,2
127,1
127,0
126,3
126,2
126,1
126,0
123,2
123,1
123,0
122,3
122,2
122,1
122,0
121,5
121,4
121,3
121,2
121,1
121,0
120,4
120,3
120,2
120,1
120,0
119,3
119,2
119,1
119,0
116,2
116,1
116,0
4,3
2,3
2,2
2,1
2,0
214,1
227,3
227,2
227,1
225,4
225,3
225,2
225,1
214,4
214,3
214,2
214,0
123,3
116,3
2,5
2,4
1,3
0,395
0,394
0,243
0,9
0,0
0,1
0,300
0,299
0,298
0,297
0,296
0,295
0,294
0,293
0,292
0,291
0,290
0,289
0,288
0,287
0,286
0,285
0,284
0,283
0,282
0,281
0,280
0,279
0,278
0,277
0,276
0,275
0,274
0,273
0,272
0,271
0,270
0,269
0,268
0,267
0,266
0,265
0,264
0,263
0,262
0,261
0,260
0,259
0,258
0,257
0,256
0,255
0,254
0,253
0,252
0,251
0,250
0,249
0,248
0,247
0,246
0,245
0,244
0,242
0,241
0,240
0,239
0,238
0,237
0,236
0,235
0,234
0,233
0,232
0,231
0,230
0,229
0,228
0,227
0,226
0,225
0,224
0,223
0,222
0,221
0,220
0,219
0,218
0,217
0,216
0,215
0,214
0,213
0,212
0,211
0,210
0,209
0,208
0,207
0,206
0,205
0,204
0,203
0,202
0,201
0,200
0,199
0,198
0,197
0,196
0,195
0,194
0,193
0,192
0,63
0,62
0,61
0,60
0,59
0,58
0,57
0,56
0,55
0,54
0,53
0,52
0,51
0,50
0,49
0,48
0,47
0,46
0,45
0,6
0,5
0,304
0,303
0,306
0,305
0,302
0,12
0,393
0,10
0,8
0,11
0,4
0,2
0,3
0,7
227,0
225,0
